image: /userdata/lfi/maps/home0/map1.pgm
resolution: 0.050000
origin: [-4.350000, 45.600001, 0.000000]
negate: 0
occupied_thresh: 0.65
free_thresh: 0.196

